000000000
000101001
000010000
000010100
000010110
000101010
000010001
000101011
000010010
000010101
000010111
000101100
000010011
110000000	// SET 80
001100110
110000000	// SET 80
001100111
000000110
010110111
111111111
101111100	// SET 7C
001100100
101111100	// SET 7C
001100101
100000011	// SET 03
001100000
100000100	// SET 04
001110000
100000011	// SET 03
001100010
100000100	// SET 04
001110010
000000101
011100100
000111001
000000101
011110100
001100100
000000010
001000000
000000001
001000011
000000011
000011010
100000001	// SET 01
001101010
100000000	// SET 0
011001001
010001111
100000001	// SET 1
011001010
010011001
100000001	// SET 1
011001000
010011001
010100000
010001111
000000100
000011010
000000101
001011010
000001010
000010101
100000010	// SET 2
010000101
100000000	// SET 0
000011000
100000000	// SET 0
000011001
100000000	// SET 0
011000101
001011110
000001001
001111000
000000011
000011001
100000001	// SET 01
001101001
000000010
000011010
100000001	// SET 01
001101010
100000111	// SET 7
010011010
100000001	// SET 1
010000011
100000001	// SET 1
010000010
000001010
001110011
100000001	// SET 1
001010101
010100000
001000101
000000100
000010101
100000011	// SET 03
001100000
010100000
000100110
000000101
000011010
000000100
001011010
000001010
000010100
100000010	// SET 2
010000100
100000000	// SET 0
000011000
100000000	// SET 0
000011001
100000000	// SET 0
011000100
010001001
000001001
001111000
000000001
000011001
100000001	// SET 01
001101001
000000000
000011010
100000001	// SET 01
001101010
100000111	// SET 7
010011010
100000001	// SET 1
010000001
100000001	// SET 1
010000000
000001010
001110001
100000001	// SET 1
001010100
010100000
001110000
000000101
000010100
100000011	// SET 03
001100011
010100000
000100110
000000011
000111110
000000101
001110000
000000110
001110000
000000000
000111101
010100000
111111111
100000001	// SET 1
001000011
000000011
000111110
000000101
001110000
000000110
001110000
000000000
000111101
010100000
111111111
